Techniques=DPX@DPX.fx,DoNothing@FastFourierTransform.fx

[DPX.fx]
Colorfulness=2.500000
Contrast=0.100000
RGB_C=0.360000,0.360000,0.340000
RGB_Curve=8.000000,8.000000,8.000000
Saturation=3.000000
Strength=0.200000

[FastFourierTransform.fx]
ApplyFilter=0
FilterStrength=0.075000
UseLUT=1

