Techniques=Border@Border.fx,DPX@DPX.fx,lilium__sdr_trc_fix@lilium__sdr_trc_fix_ppsspp.fx,Levels@Levels.fx,Curves@Curves.fx

[Border.fx]
border_color=0.000000,0.000000,0.000000
border_ratio=2.350000
border_width=0.000000,10.000000

[Curves.fx]
Contrast=0.158000
Formula=4
Mode=0

[DPX.fx]
Colorfulness=2.500000
Contrast=0.100000
RGB_C=0.360000,0.360000,0.340000
RGB_Curve=8.000000,8.000000,8.000000
Saturation=3.000000
Strength=0.200000

[Levels.fx]
BlackPoint=16
HighlightClipping=0
WhitePoint=235

[lilium__sdr_trc_fix_ppsspp.fx]
BT1886_TARGET_BLACKPOINT=0.000000
BT1886_TARGET_WHITEPOINT=100.000000
GLOBAL_INFO=0
INPUT_POWER_GAMMA=2.200000
INPUT_TRC=0
TARGET_POWER_GAMMA=2.200000
TARGET_TRC=0
USE_BT1886=0

